formula: y = alpha * (x^beta)
alpha: 83519.30033324637
beta: -0.9664620660294009
