# Sample Hub Vertex
alpha: 27230469.375668973, 1141214.9408893671, 156038.86238756854
beta: -1.573305530151192, -1.488771851133902, -1.1012676833313366
average: 1.759, 1.786, 1.969