formula: y = alpha * (x^beta)
alpha: 156038.86238756854
beta: -1.1012676833313366
