formula: y = alpha * (x^beta)
alpha: 1833055.6837079779
beta: -0.8965897342389562
