formula: y = alpha * (x^beta)
alpha: 105379188.6439417
beta: -1.9560039218452319
